222222222222222222222222222222222222222222222222222222222222222222222222222222222222222222222222222222222222222222222222222222222222222222222222222222222222222222222222222222222222222222222222222222222222222222222222222222222222222222222222222222222222222222222222222222222222222222222222222222222222222222222222222222
222222222222222222222222222222222222222222222222222222222222222222222222222222222222222222222222222222222222222222222222222222222222222222222222222222222222222222222222222222222222222222222222222222222222222222222222222222222222222222222222222222222222222222222222222222222222222222222222222222222222222222222222222222
222222222222222222222222222222222222222222222222222222222222222222222222222222222222222222222222222222222222222222222222222222222222222222222222222222222222222222222222334444443322222222222222222222222222222222222222222222222222222222222222222222222222222222222222222222222222222222222222222222222222222222222222222222
222222222222222222222222222222222222222222222222222222222222222222222222222222222222222222222222222222222222222222222222222222222222222222222222222222222222222222222255778888888866332222222222222222222222222222222222222222222222222222222222222222222222222222222222222222222222222222222222222222222222222222222222222222
222222222222222222222222222222222222222222222222222222222222222222222222222222222222222222222222222222222222222222222222222222222222222222222222222222222222222222223377888877888888662222222222222222222222222222222222222222222222222222222222222222222222222222222222222222222222222222222222222222222222222222222222222222
222222222222222222222222222222222222222222222222222222222222222222222222222222222222222222222222222222222222222222222222222222222222222222222222222222222222223333335588885533335577772222222222222222222222222222222222222222222222222222222222222222222222222222222222222222222222222222222222222222222222222222222222222222
222222222222222222222222222222222222222222222222222222222222222222222222222222222222222222222222222222222222222222222222222222222222222222222222222222222244778888999999774411001155772222222222222222222222222222222222222222222222222222222222222222222222222222222222222222222222222222222222222222222222222222222222222222
222222222222222222222222222222222222222222222222222222222233556677665533222222222222222222222222222222222222222222222222222222222222222222222222222222337788998888888888887733112244772222222222222222222222222222222222222222222222222222222222222222222222222222222222222222222222222222222222222222222222222222222222222222
222222222222222222222222222222222222222222222222222222222266889999998877442222222222222222222222222222335566665533222222222222222222222222222222222233779999886644333333557788888888552222222222222222222222222222222222222222222222222222222222222222222222222222222222222222222222222222222222222222222222222222222222222222
222222222222222222222222222222222222222222222233332222222277887755667788662222222222222222222222223355778899998877332222222222222222222222222222222266999966441111111111112244778888552222222222222222222222222222222222222222333333333322222222222222222222222222222222222222222222222222222222222222222222222222222222222222
222222222222222222222222222222222222222233446666666655443388884422223366772222222222222222222222337799998877667788552222222222222222222222222222224488997733110000111111110011336688885522222222222222222222222222222222333355667788776655222222222222222222222222222222222222222222222222222222222222222222222222222222222222
222222222222222222222222222222222222225588999988888899998888884422111144662222222222222222222244889988775544333377662222222222222222222222222222337799884411000000111111111122113355888855222222222222222222222222223366889999998888888888663322222222222222222222222222222222222222222222222222222222222222222222222222222222
222222222222222222222222222222222233668899888877666677888888998866444466662222222222222222224488998877441100110066663322222222222222222222333344668888660000000000111111112244331111558888552222222222222222223355778899888888886655556688884422222222222222222222222222222222222222222222222222222222222222222222222222222222
222222222222222222222222222222223366999988552211000000225577998888887766442222222222222222448899886622112233220066663333445566777788888888888888999977440000000000001111111122554422115588885522222222222244668899999988775533110000001144774422222222222222222222222222222222222222222222222222222222222222222222222222222222
222222222222222222222222222222225588997733110000111100111133558899774422222222222222222244889988662211223333221177777788889999999999999999998888888866220011000000001111111122445555221155888877776666556688999988775533222222222233221144774422222222222222222222222222222222222222222222222222222222222222222222222222222222
222222222222222222222222222222227799774411000000111111111122224477886633222222222222223377998866331122444433223388999999887777666655555544444444333322001111110000001111111111225566551122558888999999999999886655332211112233334433221155773322222222222222222222222222222222222222222222222222222222222222222222222222222222
222222222222222222222222222222558888551100000000111111112233221144778866222222222222337799886622112244444422115577776666554444333333222211111111111100001111110000000011111111113366774411225566666677777777553311111122334444444433112277552222222222222222222222222222222222222222222222222222222222222222222222222222222222
222222222222222222222222222222669988330000000000111111112233552211447788662222222233669988772211224444443311115544221100001122334444554433333333333322001111110000000011111111112244777733110000001122334422001122334444444444443322225577332222222222222222222222222222222222222222222222222222222222222222222222222222222222
222222222222222222222222222222889966220011000000001111111122556622114488885522222255889977330022444444442211000000112244778888888888886644444444443322001111111100000011111111111133667766330011222211111111223344444444444444441111448844222222222222222222222222222222222222222222222222222222222222222222222222222222222222
222222222222222222222222222222889944110011000000001111111122336655331144888855335588997744112233444444442211112233333355889999999999995544444444443322001111111100000000111111111122447777552200223333333333334444444444444433111144776622222222222222222222222222222222222222222222222222222222222222222222222222222222222222
222222222222222222222222222222889933111111000000001111111111225566552211558888778899885522113344444444443333334444444466999999999999885544444444443322001111111100000000111111111122336677664411113344444444444444444444443322002266887733222222222222222222222222222222222222222222222222222222222222222222222222222222222222
222222222222222222222222222222999933001111110000001111111111223366665511226688999988552211334444444444444444444444444466999999999999885544444444444422001111111111000000112222333333225566776633002233444444444444444444443322002255778888442222222222222222222222222222222222222222222222222222222222222222222222222222222222
222222222222222222222222222222999922001111110000000011111111111155666644003377887744111122444444444444444444444444444466999999999999775544444444444422001111111111000000002244667755223366777766111122444444444444444444444433220011337788886633222222222222222222222222222222222222222222222222222222222222222222222222222222
222222222222222222222222222222999922001111110000000011111111111133557766331133442211113344444444444444444444444444444466999999999999775544444444444433001111111111000000113377999977222255777777551111334444444444444444444444443322112266888866332222222222222222222222222222222222222222222222222222222222222222222222222222
222222222222222222222222222222999922001111111100000011111111111122447777662211111122334444444444444444444444444444444466999999999999775544444444444433112222221111110000225588999966221133667777663311224444444444444444444444444433221122557799663322222222222222222222222222222222222222222222222222222222222222222222222222
222222222222222222222222222222999922001111111100000000111111111111336677774422002244444444444444444444444444444444445566999999999999775544444444444433111122221111110011336699998855111122557777775522112244444444444444444444444444333311224477996622222222222222222222222222222222222222222222222222222222222222222222222222
222222222222222222222222222222889933111111111100000000112222222222224477776633111133444444444444444444444444444444445577999999999999775544444444444433220033331111111111337799885533222222336677777744111133444444444444444444444444444433111144778866332222222222222222222222222222222222222222222222222222222222222222222222
222222222222222222222222222222889944111111111111000000112233334444223366777755330022444444444444444444444444444444445577999999999999775544444444444444330033332211111111225577553322223322334477777766330022334444444444444444444444444444331111448888663322222222222222222222222222222222222222222222222222222222222222222222
222222222222222222222222222222889955221122111111000000112244778888442244777777551111334444444444444444444444444444445577999999999999885544444444444444330022332211111100000000112233558866443366777777551111334444444444444444444444444444443322114477885522222222222222222222222222222222222222222222222222222222222222222222
222222222222222222222222222222669966221133221111110000113366999988442233667777664400223344444444444444444444444444445577999999999999885544444444444444331111334411111111000000002244669977442255777777664400223344444444444444444444444444444433221144778844222222222222222222222222222222222222222222222222222222222222222222
222222222222222222222222222222559977331144221111110000114488999977331122556677776622112244444444444444444444444444446688999999999999995544444444444444442211334422111111000000001133446644332233667777776622112244444444444444444444444444444444331122558877222222222222222222222222222222222222222222222222222222222222222222
222222222222222222222222222222338888441144222211110011115599998855221122336677777755111133444444444444444444444444446688999999999999996644444444444444443311224433221111110000000011223322111122556677777744111133444444444444444444444444444444443311336688662222222222222222222222222222222222222222222222222222222222222222
222222222222222222222222222222228899552233332211111100115599886633222222225577777777331122444444444444444444444444447799999999999999996655444444444444444422113344221111110000000011111111111122336677777777221122444444444444444444444444444444444422113388883322222222222222222222222222222222222222222222222222222222222222
222222222222222222222222222222226699663311552211111100001133332233334466334466777777552200334444444444444444444444557799999999999999997755444444444444444433112266332211111100000000111111111111225577777777552211334444444444444444444444444444444433221144886633222222222222222222222222222222222222222222222222222222222222
222222222222222222222222222222225588774400553322111111000000112233557788443355777777774411114444444444444444444444557799999999999999998866444444444444444433221144442211111100000000111111111111113366777777663311224444444444444444444444444444444444332211778844222222222222222222222222222222222222222222222222222222222222
222222222222222222222222222222223377886611334422111111000000001122447777442233667777776633002244444444444444444444668899999999999999999966444444444444444444221111553322111111000000001111111111112255777777775522003344444444444444444444444444444444444411448877332222222222222222222222222222222222222222222222222222222222
222222222222222222222222222222222266997722224433111111000000001111334444221122447777777755111133444444444444444444778899999999999999999977554444444444444444332200443322111111000000001111111111111133667777776644002233444444444444444444444444444444555533226688442222222222222222222222222222222222222222222222222222222222
222222222222222222222222222222222244888855004444221111110000000011111111111111336677777766330022444444444444444444779999999999999999999988664444444444444444443311224433111111110000000011111111111122447777777755111133444444444444444444444444444444556666114477662222222222222222222222222222222222222222222222222222222222
222222222222222222222222222222222222668877113344331111110000000011111111111111224477777777661111334444444444444455889999999999999999999999774444444444444444443322004444221111110000000011111111111122336677777766440022444444444444444444444444444444556688333366883322222222222222222222222222222222222222222222222222222222
222222222222222222222222222222222222338888442233442211111100000000111111111111223366777777663311224444444444444477889999999999999999999999886644444444444444444433112233331111111100000000111111111111225577777777661111334444444444444444444444444444556688552255885522222222222222222222222222222222222222222222222222222222
222222222222222222222222222222222222226688772222443322111111000000001111111111112244667777776622113344444444445588777777777777666677999999998855444444444444444444221122332211111111000000001111111111223366777777773311224444444444444444444444444444557799772233777722222222222222222222222222222222222222222222222222222222
222222222222222222222222222222222222223388884422334422111111000000001111111111112233667777777733112244444444446688665555555544445577999999998866554444444444444444331111333322111111000000001111111111112255777777775511113344444444444444444444444444557799993333668822222222222222222222222222222222222222222222222222222222
222222222222222222222222222222222222222288995522115522221111110000000011111111111111557777777755221133444444557799774433333333446688999999999988664444444444444444442211114422111111110000000011111111112233667777776622113344444444444444444444444444668899995533448822222222222222222222222222222222222222222222222222222222
222222222222222222222222222222222222224499994411003344221111110000000000111111111111336677777777331122444444668899997755333344668899999999999999885544444444444444444422112233221111110000000000111111111122557777777733112244444444444444444444444444669999996633339944222222222222222222222222222222222222222222222222222222
222222222222222222222222222222222222226699883311111144332211111100000000111111111111225577777777552211444455779999998877443366889999999999999999887755444444444444444433220022222211111100000000111111111111446677777744111144444444444444444444444455779999998833228866222222222222222222222222222222222222222222222222222222
222222222222222222222222222222222222338888662211220022332211111100000000001111111111223366777777663300334466889999999988442277999999999999999999998877554444444444444444331111112211111100000000001111111111225577777755221144444444444444444444444466889999998844226677222222222222222222222222222222222222222222222222222222
222222222222222222222222222222222222339988442222332200333322111111000000001111111111112244777777775500224477999999999977442277999999999999999999999988775544444444444444332200111111111111000000001111111111224477777766221133444444444444444444445588999999999955225588332222222222222222222222222222222222222222222222222222
222222222222222222222222222222222222449988332233443300112222111111110000000011111111112233667777775511116688999999999988442277999999999999999999999999998855444444444444444422000011111111110000111111111111113366777766331133444444444444444433447788999999999955224488332222222222222222222222222222222222222222222222222222
222222222222222222222222222222222222669988112233444422002233111111111100000000111111111122557777776633006699999999999988551166999999999999999999999999999988664444444444444444220000111111111111111111111111112244777766331133444444444444442211114488999999998866333388332222222222222222222222222222222222222222222222222222
222222222222222222222222222222222233778877112244444444111111221111111100000000001111111122337777776655005588999999999988550044665555444444444444444444555566665555444444444444332211001111111111111111111111112233777755221144444444444444331111111144779999998866333388332222222222222222222222222222222222222222222222222222
222222222222222222222222222222222244888866003344444444331111111111111111000000001111111122226677777766004488887766555544220011222222111111111111111111333333333322222222333344443322110011111111111111111111111133667744111144444444444444221111332222558899998866332288442222222222222222222222222222222222222222222222222222
222222222222222222222222222222222244888855003344444444443311001111111111000000001111111111224466777766003355554433110000000000000000000000000000000011334411000000000011112222333333221100111111111111111111111122446622112244444444445566221122443311337799998866442288442222222222222222222222222222222222222222222222222222
222222222222222222222222222222222255887744113344444444444433000011111111110000001111111111223366777766001111000000000000000011111111111111111111000011669933000000000000000000001122332211000011111111111111111122333311113344444444557788331133444422224499888877441188442222222222222222222222222222222222222222222222222222
222222222222222222222222222222222255997744113344444444444444330000111111111111111111111111112255777766000000000000000000000011111111111111111111000011447722000000000000000000000000001122221100000011111111111111000011334444444444558888221133444433222277888877441188666666443322222222222222222222222222222222222222222222
222222222222222222222222222222222255997733224444444444444444443311000011111111111111111111111144666655000000000000111111111111111111111111111111110000224411000011111111000000000000000000111111111100000000000000112233334444444444558888221133444444222244778877441188889988885522222222222222222222222222222222222222222222
222222222222222222222222222222222266997733335566554444444444444433110000111111111111111111111133556633000000001111111111111111111111111111111111110000002200001111111111111111110000000000000011223344443333334444333344444444444444558888221133444444332222778877441188887777888833222222222222222222222222222222222222222222
222222222222222222222222222222222266997733337788665544444444444444331100001111111111111111111122444411220000001111111111000000000011111111111111110000000000001111111111111111111111111100000000114466777777778888664444444444444455779988221133444444442200667766331177776666778833222222222222222222222222222222222222222222
222222222222222222222222222222222266997733337799887766554444444444443322000000111111111111111111111100441100001111110000000000000000000011111111111100000000111111111111111111111111111111110000000033668899998888885544444444445577889988221133444444443311447766332266555555558833222222222222222222222222222222222222222222
222222222222222222222222222222222266997733337799999988887766555555555555554422000000000000000000000000000000001111110000000000000000000011111111111100000000111111111111111111111111111111110000000000226688776666888888777777888899999988221133444444443311226655332255667766558844222222222222222222222222222222222222222222
222222222222222222222222222222222266997733337799999999998888888888888888887744110000000000000000000000000000001111000000001122221100000000111111111111111111111111111111111111111111111111111100000000002255554455558899888888999999999988221133444444444422005555222255777766558833222222222222222222222222222222222222222222
222222222222222222222222222222222255997733227799999999999999999999999999996633110000000000000000000000000000110000000011223333333322000000001111111111111111111111111111111111111111111111111111111100000011334444558899999999999999999999221133444444444433004444223366887766668833222222222222222222222222222222222222222222
222222222222222222222222222222222255887744226699999999999999999999999999773311000000111111111111111111111111110000001122333333333333220000001111111111111111111111111111111111111111111111111111111111000000224466779999999999999999999999331133444444444444113322225577886655777722222222222222222222222222222222222222222222
222222222222222222222222222222222244888844116688999999999999999999999988331100001111111111111111111111111111110000112233333333333333331100001111111111111111111111111111111111111111111111111111111111110000225599999999999999999999999999331133444444444444111111335588776666888888774422222222222222222222222222222222222222
222222222222222222222222222222222233888855115588889999999999999999998855000000001111111111111111111111111111110000113333221111223333331100001111111111111111111111111111111111111111111111111111111111110000004488999999999999999999999999331133444444444444220011446688665577889999998855222222222222222222222222222222222222
222222222222222222222233444455443333668877004477889999999999999999996611000000111111111111111111111111111111110000001111000000112233331100001111111111111111111111111111111111111111111111111111111111110000003377999999999999999999998888331122444444444444331111447766555555555566778888222222222222222222222222222222222222
222222222222222222224466888888887755669988114466888899999999999999774400000011111111111111111111111111111111110000000000000000001133332200000000111111111111111111111111111111111111111111111111111111110000002266999999999999999999888888442222444444444455662211446655555566666666667788442222222222222222222222222222222222
222222222222222222227799887777778888889988223366888888999999999999662200000011111111111111111111111111111111110000000000000000000033332211000000111111111111111111111111111111111111111111111111111111111111002255999999999999998888888888442222444444445577884422335555667777888877666688442222222222222222222222222222222222
222222222222222222338899664433446677889988442255888888889999999999550000001111111111111111111111111111111111111111111111111100000033333311000000000000000000001111111111111111111111111111111111111111110000002266999999999999888888888888552222554444556699995522227788888888999988665588442222222222222222222222222222222222
222222222222222222449988331111110022558888662233778888888888999988440000001111111111111111111111111111111111111111111111111100001133333322110000000000000000001111111111111111111111111111111111111111110000002266999999998888888888888888663333887777888899997733228888999999999977555588442222222222222222222222222222222222
222222222222222222449977221133332222113355883333668888888888889988330000001111111111111111111111111111111111111111111111111100001133333333221111000000000000000011111111111111111111111111111111111111110000003388998888888888888888888888663333998888999999998844114477888888886655667788332222222222222222222222222222222222
222222222222222222448888221133444433221122443322448888888888888888330000001111111111111111111111111111111111111111111111111100000033333333333322222222111111000000001111111111111111111111111111111111000000115588888888888888888888888888773322889999999999999955113355666666666666777755333333333322222222222222222222222222
222222222222222222338888331133444444332211112211226688888888888877330000001111111111111111111111111111111111111111111111111100000022333333333333333333333322110000001111111111111111111111111111111111000000336688888888888888888888888888773322889999999999999955223366665555667788775555778888888888553322222222222222222222
222222222222222222228899442222444444444433110000113377888888888888440000001111111111111111111111111111111111111111111111111111000000222233333333333333333333220000001111111111111111111111111111110000000011558888888888888888888888888888883322779999999999999966332288888888888866668899998888888888887744222222222222222222
222222222222222222226699773311334444444444332200001166888888888888551100001111111111111111111111111111111111111111111111111111000000000000001122333333333333220000001111111111111111111111111111110000000055778888888888888888888888888888884422668899999999999977441188774433223366889999885533333355779977332222222222222222
222222222222222222223388885511114444444444443322110022668888888888663300000011111111111111111111111111111111111111111111111111000000000000000000112233333333220000001111111111111111111111111100000000114477888888888888888888888888888888774422558899999999999988550077774422337799997755222233333322336688552222222222222222
222222222222222222222266997733003333444444444433331111336688888888775511000000111111111111111111111111111111111111111111111111111100000000000000001133333333220000001111111111111111111111000000000022447788888888888888888888888888887777663322448899999999999999661155885522669999774422335566666644224477772222222222222222
222222222222222222222233778866111133444444444444443311113366888888887744110000001111111111111111111111111111111111111111111111111111111111110000001133333333220000001111111111111111000000000000112255778888888888888888888888888877776655554433338899999999999999661144776666889977442233778899999988332255882222222222222222
222222222222222222222222448888551122334444444444444433221122668888888877331100000000001111111111111111111111111111111111111111111111111111111111001122333333220000001111111111110000000000000011447788888888888888888888888888887766555566776644228899999999999999773322778888998844113388999999999999553344882222222222222222
222222222222222222222222225599883311224444444444444444443322116677888888773311000000001111111111111111111111111111111111111111111111111111111111001122333333220000001111111111110000000000114466778888888888888888888888887766555555668888997744118899999999999999885500668899884411225577889999999999773333993322222222222222
222222222222222222222222222277887722113344444444445566777766332255778888887755220000000000111111111111111111111111111111111111111111111111111111001133333333220000001111000000000000112244667788888888888888888888887777665555667777889999998855007799999999999999997711447788661122334455668899999999883322883322222222222222
222222222222222222222222222233888855221133444444557788999988663322446688888877554422110000000000000011111111111111111111111111111111111111111111001133333333331100000000000000112233446677888888888888888888887777666666666677778899999999998866117788999999999999998822336677331133444444446688999999883322883322222222222222
222222222222222222222222222222558888441122334444669999999999996633223366777788887766332211110000000000000000000000001111111111111111111100000000001122333322221100000011112233445577888888888888888888887777666666555566778899999999999999999977337788999999999999998844224444002233444444445577999999883322883322222222222222
222222222222222222222222222222226699774400224466889999999999999977331122556677888888887755332211000000000000000000000000000000000000000000000000000011111111000000112244557788888888888888888888887777666655555566778899999999999999999999999999999999999999999999998844111122113344444444444477999999883322883322222222222222
222222222222222222222222222222223377887733115588999999999999999999774411113355556677778888777777664433221100000000000000000000000000000000000000000011222233445577777777888888888888888888777766665555555566778888999999999999999999999999999999999999999999999999998855110011334444444444444466999999773322992222222222222222
222222222222222222222222222222222233778877222255889999999999999999997755111144665555556666777777777777666666554444443333333333333333333344444455555566666677777788888888888888777777666655555555666677778888889999999999999999999999999999999999999999999999999999998855110011444444444444444455778877442233882222222222222222
222222222222222222222222222222222222448888662233669999999999999999999988553355777766666666666666666677777777777777776666666666666666667777777777888888888888777777777777666666666666666666666677888888999999999999999999999999999999999999999999999999999999999999998855221122444444444444444444556655332244882222222222222222
222222222222222222222222222222222222224488885522337799999999999999999999886677889999887777666666555566666666666666777777777777777777777777777777777777776666666666666666665555666666777788889999999999999999999999999999999999999999999999999999999999999999999999998844331111444444444444444444444444222255882222222222222222
222222222222222222222222222222222222222255888844113377999999999999999999999999999999999999999988887777666655555555555555555555555555555555555555555555555555555566666677778888999999999999999999999999999999999999999999999999999999999999999999999999999999999999998844331111334444444444444444444444112266772222222222222222
222222222222222222222222222222222222222222668888551133779999999999999999999999999999999999999999999999888888888888888877777777777777777777777777777788888888888888889999999999999999999999999999999999999999999999999999999999999999999999999999999999999999999999998844442211334444444444444444444444113377552222222222222222
222222222222222222222222222222222222222222336688775511337799999999999999999999999999999999999999999999999999999999999988888888888888888888888888888899999999999999999999999999999999999999999999999999999999999999999999999999999999999999999999999999999999999999997744442211224444444444444444444433114488332222222222222222
222222222222222222222222222222222222222222223366887744224477999999999999999999999999999999999999999999999999999999999999999999999999999999999999999999999999999999999999999999999999999999999999999999999999999999999999999999999999999999999999999999999999999999887744443311113344444444444444444422115588222222222222222222
222222222222222222222222222222222222222222222233668877332244889999999999999999999999999999999999999999999999999999999999999999999999999999999999999999999999999999999999999999999999999999999999999999999999999999999999999999999999999999999999999999999999999999887744443322113344444444444444443311226677222222222222222222
222222222222222222222222222222222222222222222222336699773311558899999999999999999999999999999999999999999999999999999999999999999999999999999999999999999999999999999999999999999999999999999999999999999999999999999999999999999999999999999999999999999999999999887744443322003344444444444444443300337755222222222222222222
222222222222222222222222222222222222222222222222223388994411558899999999999999999999999999999999999999999999999999999999999999999999999999999999999999999999999999999999999999999999999999999999999999999999999999999999999999999999999999999999999999999999999999887744444422003344444444444444332200557733222222222222222222
222222222222222222222222222222222222222222222222222288994422668899999999999999999999999999999999999999999999999999999999999999999999999999999999999999999999999999999999999999999999999999999999999999999999999999999999999999999999999999999999999999999999999999887744444433002233444444444444332211666622222222222222222222
222222222222222222222222222222222222222222222222222288995522668899999999999999999999999999999999999999999999999999999999999999999999999999999999999999999999999999999999999999999999999999999999999999999999999999999999999999999999999999999999999999999999999999997744444433002233444444444444331133775522222222222222222222
222222222222222222222222222222222222222222222222222288995522668899999999999999999999999999999999999999999999999999999999999999999999999999999999999999999999999999999999999999999999999999999999999999999999999999999999999999999999999999999999999999999999999999998844444433111133444444444444220055773322222222222222222222
222222222222222222222222222222222222222222222222222288995522558899999999999999999999999999999999999999999999999999999999999999999999999999999999999999999999999999999999999999999999999999999999999999999999999999999999999999999999999999999999999999999999999999998844444433111133444444444433221177552222222222222222222222
222222222222222222222222222222222222222222222222222288995522558899999999999999999999999999999999999999999999999999999999999999999999999999999999999999999999999999999999999999999999999999999999999999999999999999999999999999999999999999999999999999999999999999998844444433220033444444444422114488332222222222222222222222
222222222222222222222222222222222222222222222222222277995533448899999999999999999999999999999999999999999999999999999999999999999999999999999999999999999999999999999999999999999999999999999999999999999999999999999999999999999999999999999999999999999999999999998855444444220033444444443311227766222222222222222222222222
222222222222222222222222222222222222222222222222222277996633448899999999999999999999999999999999999999999999999999999999999999999999999999999999999999999999999999999999999999999999999999999999999999999999999999999999999999999999999999999999999999999999999999998855444444330022444444442211338844222222222222222222222222
222222222222222222222222222222222222222222222222222266996633338899999999999999999999999999999999999999999999999999999999999999999999999999999999999999999999999999999999999999999999999999999999999999999999999999999999999999999999999999999999999999999999999999998866444444330022444444441122557722222222222222222222222222
222222222222222222222222222222222222222222222222222266997744228899999999999999999999999999999999999999999999999999999999999999999999999999999999999999999999999999999999999999999999999999999999999999999999999999999999999999999999999999999999999999999999999999998866554444330022334444331133775522222222222222222222222222
222222222222222222222222222222222222222222222222222255887744118899999999999999999999999999999999999999999999999999999999999999999999999999999999999999999999999999999999999999999999999999999999999999999999999999999999999999999999999999999999999999999999999999999977554444440022334444111155773322222222222222222222222222
222222222222222222222222222222222222222222222222222244888844007799999999999999999999999999999999999999999999999999999999999999999999999999999999999999999999999999999999999999999999999999999999999999999999999999999999999999999999999999999999999999999999999999999988554444441122334433003377552222222222222222222222222222
222222222222222222222222222222222222222222222222222233888855007788999999999999999999999999999999999999999999999999999999999999999999999999999999999999999999999999999999999999999999999999999999999999999999999999999999999999999999999999999999999999999999999999999988554444441111333322115577332222222222222222222222222222
222222222222222222222222222222222222222222222222222222778866006688999999999999999999999999999999999999999999999999999999999999999999999999999999999999999999999999999999999999999999999999999999999999999999999999999999999999999999999999999999999999999999999999999999664444441111222211337755222222222222222222222222222222
222222222222222222222222222222222222222222222222222222669966115588999999999999999999999999999999999999999999999999999999999999999999999999999999999999999999999999999999999999999999999999999999999999999999999999999999999999999999999999999999999999999999999999999999775544442211222211667733222222222222222222222222222222
222222222222222222222222222222222222222222222222222222669977223377999999999999999999999999999999999999999999999999999999999999999999999999999999999999999999999999999999999999999999999999999999999999999999999999999999999999999999999999999999999999999999999999999999885544442211001133884422222222222222222222222222222222
222222222222222222222222222222222222222222222222222222559977332277999999999999999999999999999999999999999999999999999999999999999999999999999999999999999999999999999999999999999999999999999999999999999999999999999999999999999999999999999999999999999999999999999999886644442200002277662222222222222222222222222222222222
222222222222222222222222222222222222222222222222222222448888441166999999999999999999999999999999999999999999999999999999999999999999999999999999999999999999999999999999999999999999999999999999999999999999999999999999999999999999999999999999999999999999999999999999997755442200115588332222222222222222222222222222222222
222222222222222222222222222222222222222222222222222222337788660066999999999999999999999999999999999999999999999999999999999999999999999999999999999999999999999999999999999999999999999999999999999999999999999999999999999999999999999999999999999999999999999999999999998866443311447755222222222222222222222222222222222222
222222222222222222222222222222222222222222222222222222225588771166889999999999999999999999999999999999999999999999999999999999999999999999999999999999999999999999999999999999999999999999999999999999999999999999999999999999999999999999999999999999999999999999999999998877444444667733222222222222222222222222222222222222
222222222222222222222222222222222222222222222222222222223388887788999999999999999999999999999999999999999999999999999999999999999999999999999999999999999999999999999999999999999999999999999999999999999999999999999999999999999999999999999999999999999999999999999999999988888888774422222222222222222222222222222222222222
222222222222222222222222222222222222222222222222222222222233446677889999999999999999999999999999999999999999999999999999999999999999999999999999999999999999999999999999999999999999999999999999999999999999999999999999999999999999999999999999999999999999999999999999999988664433222222222222222222222222222222222222222222
222222222222222222222222222222222222222222222222222222222222222233446677889999999999999999999999999999999999999999999999999999999999999999999999999999999999999999999999999999999999999999999999999999999999999999999999999999999999999999999999999999999999999999998877665544222222222222222222222222222222222222222222222222
222222222222222222222222222222222222222222222222222222222222222222222233446677889999999999999999999999999999999999999999999999999999999999999999999999999999999999999999999999999999999999999999999999999999999999999999999999999999999999999999999999999999888877554422222222222222222222222222222222222222222222222222222222
222222222222222222222222222222222222222222222222222222222222222222222222222222334466778899999999999999999999999999999999999999999999999999999999999999999999999999999999999999999999999999999999999999999999999999999999999999999999999999999999999988886655332222222222222222222222222222222222222222222222222222222222222222
222222222222222222222222222222222222222222222222222222222222222222222222222222222222222233557788889999999999999999999999999999999999999999999999999999999999999999999999999999999999999999999999999999999999999999999999999999999999999999887766442222222222222222222222222222222222222222222222222222222222222222222222222222
222222222222222222222222222222222222222222222222222222222222222222222222222222222222222222222233334455778888999999999999999999999999999999999999999999999999999999999999999999999999999999999999999999999999999999999999999999887766554433332222222222222222222222222222222222222222222222222222222222222222222222222222222222
222222222222222222222222222222222222222222222222222222222222222222222222222222222222222222222222222222333344556666777788888899999999999999999999999999999999999999999999999999999999999999999999999999999999998888887766665555443333222222222222222222222222222222222222222222222222222222222222222222222222222222222222222222
222222222222222222222222222222222222222222222222222222222222222222222222222222222222222222222222222222222222222222222233445566667777888888888888889999999999999999999999999999999999998888888888888877776666554433332222222222222222222222222222222222222222222222222222222222222222222222222222222222222222222222222222222222
222222222222222222222222222222222222222222222222222222222222222222222222222222222222222222222222222222222222222222222222222222222222222222222222334444555555555555555555555555555544443333222222222222222222222222222222222222222222222222222222222222222222222222222222222222222222222222222222222222222222222222222222222222
222222222222222222222222222222222222222222222222222222222222222222222222222222222222222222222222222222222222222222222222222222222222222222222222222222222222222222222222222222222222222222222222222222222222222222222222222222222222222222222222222222222222222222222222222222222222222222222222222222222222222222222222222222
222222222222222222222222222222222222222222222222222222222222222222222222222222222222222222222222222222222222222222222222222222222222222222222222222222222222222222222222222222222222222222222222222222222222222222222222222222222222222222222222222222222222222222222222222222222222222222222222222222222222222222222222222222
222222222222222222222222222222222222222222222222222222222222222222222222222222222222222222222222222222222222222222222222222222222222222222222222222222222222222222222222222222222222222222222222222222222222222222222222222222222222222222222222222222222222222222222222222222222222222222222222222222222222222222222222222222
222222222222222222222222222222222222222222222222222222222222222222222222222222222222222222222222222222222222222222222222222222222222222222222222222222222222222222222222222222222222222222222222222222222222222222222222222222222222222222222222222222222222222222222222222222222222222222222222222222222222222222222222222222
222222222222222222222222222222222222222222222222222222222222222222222222222222222222222222222222222222222222222222222222222222222222222222222222222222222222222222222222222222222222222222222222222222222222222222222222222222222222222222222222222222222222222222222222222222222222222222222222222222222222222222222222222222

